750
1750
1442
3438
1495
6396
684
8209
3843
6401
1239
5903
6015
5867
8099
3557
2520
5990
7289
7837
4419
924
8024
4500
2290
8863
2995
1052
2946
9066
247
4306
1371
8019
3269
9267
4023
2750
7097
1173
910
9331
2167
8114
310
4319
3360
7176
9234
5574
7490
6292
4185
9034
5912
331
9866
2762
791
6554
7389
408
6237
6156
9275
6927
2204
1548
8373
7114
1788
4212
1627
113
4058
4394
7775
5934
7865
9771
4228
4844
6336
6726
5010
4637
9176
2640
4765
682
9915
9938
4465
9432
3331
2115
213
9839
3409
2289
2423
7713
1373
8103
9926
3629
3820
6777
594
4976
4179
3165
9273
492
9151
8565
850
8474
8149
5942
8519
5125
4947
4310
3195
9296
613
6676
5870
5433
7411
8234
5483
815
7216
7884
8631
22
8633
3525
3836
2205
6236
2983
9067
2626
5114
9397
4337
4078
2219
6637
3593
5723
6131
4087
5441
9344
8206
967
5241
4150
8157
3212
9050
938
3693
1594
6031
7330
3927
9454
4918
4594
2774
1340
4601
2148
5106
1201
1796
2450
6252
1763
6311
6210
986
4555
8840
390
7441
8155
7842
9731
197
452
7388
5622
5783
8933
2660
5644
275
9624
4627
7978
3582
2285
8935
3202
6183
3369
2627
8765
37
6483
1200
9075
1658
3918
4512
506
7845
9233
3704
2433
4420
5548
1621
160
119
7278
2546
664
7206
2826
9675
1065
3818
2835
2690
5071
6387
5322
7843
4785
3618
5081
5565
2974
2275
8719
8339
1476
9052
7798
9268
2060
5756
1397
753
1244
8348
5595
307
1843
7517
3738
2053
6831
3228
2594
9659
5098
5970
6083
1768
9616
8359
7797
141
4243
4758
1930
360
5254
194
8630
1557
4563
2227
3761
1174
2312
5442
6720
5430
4992
1164
7139
2670
4494
7474
3542
3327
3303
6110
759
2751
4489
1048
1887
531
2822
6036
1717
63
6146
3923
1986
7881
8688
3502
5005
13
7771
8402
1369
1334
5977
8673
7487
5888
6158
5891
1034
6666
3473
4775
1211
565
5951
4602
1572
4622
9754
6243
8662
5690
2443
9533
464
7930
224
3322
8079
4273
4831
5729
8333
889
7422
8279
5251
4777
2051
1649
2614
3340
4791
4065
3603
6047
6242
8580
9933
8803
1215
8956
1092
9966
803
5473
1510
695
9036
2662
513
1674
2595
2470
8105
4127
9024
8403
5398
5651
9166
2392
425
7438
5177
6287
5008
3568
838
6829
446
701
6126
8042
7610
380
8764
9514
6514
7244
7823
5304
7970
7659
4486
6828
2996
3863
1036
5210
7088
4059
3352
5979
3780
1440
9382
6635
2527
4938
4503
8801
1844
4376
2601
5812
7566
5916
4437
5798
1109
9081
4904
1901
4838
3687
871
1080
6064
4850
6200
1797
2158
5814
7703
7573
1035
7694
7940
5061
5611
7036
4013
4757
5778
3610
1031
2912
207
4699
6086
7269
1839
413
8464
1635
7334
1241
5915
4535
810
9621
6482
4480
5597
9528
4772
1984
4016
3073
660
9155
2735
1351
5823
8966
4689
2551
9224
2214
6785
2855
7754
1858
9068
8823
2333
5142
3328
5131
827
4700
2578
7808
8057
2939
1800
4423
4727
4470
6494
2136
7356
2940
6634
775
5872
2063
2809
805
2328
651
1396
4663
5529
9171
6558
2732
6626
1556
2277
1614
419
9464
619
3242
8661
3208
2117
3383
8597
1944
9564
9303
1155
5659
7619
3778
7488
3590
3470
6468
6316
4538
222
5404
2330
6029
6646
5428
2618
6488
7198
9846
1461
6361
1032
9646
4203
7023
1954
9352
204
411
1023
4813
1161
8663
9947
6197
8419
4089
1491
5857
5523
1384
9657
2061
696
3358
6705
6967
4116
8651
8172
7218
5014
5675
6815
8108
8802
7893
4611
4610
4540
6611
8671
2469
4237
6746
9535
583
522
7425
3789
8245
1639
4556
2209
4670
4111
9374
6816
9149
9229
2854
7535
5346
6773
7569
7347
7468
9521
1902
3342
8617
4510
5562
758
5218
6461
1308
6529
3350
6667
3961
2322
5373
6433
7169
4961
3938
1422
9697
1283
288
9472
9355
6987
8326
4722
9965
3255
4548
3006
1567
5217
9319
2519
3759
6853
866
3592
9467
4944
9809
6803
6170
3209
3000
6005
8537
6420
5988
1712
8859
1879
7205
1787
7132
7065
2964
8366
6841
6917
5744
2264
3375
9085
9314
9026
5713
398
4083
7985
6605
9665
8796
9265
3999
5503
6224
6414
3826
1019
2844
1781
4923
832
8928
7997
3146
4559
5524
4397
4322
7077
1823
2098
1874
1880
4669
7607
956
5444
5660
6962
9341
2633
1641
366
8970
952
9722
8380
7287
4037
3476
1543
276
9823
4970
8244
7336
894
4783
2770
6464
5096
7759
3988
9236
8152
4934
4530
5579
2793
7447
4604
4576
9721
5570
5143
6154
9116
9318
8262
4577
6255
4833
8785
5395
485
3480
761
754
3141
4038
9515
6418
7558
4445
3235
4255
3034
8308
164
2842
917
6182
2133
9399
5836
3434
1475
3490
6399
3981
3501
4562
5272
6076
2841
2137
3443
1290
5225
7305
458
642
5549
5804
8440
6858
6206
6946
8376
6444
7224
676
8101
6997
1270
982
2169
6486
5394
3394
9853
3196
5868
7869
6940
5849
9531
7409
1606
9179
9728
4897
5070
1923
2837
2395
9215
4327
633
289
6284
4497
3685
8426
1915
2575
4843
8975
9569
1199
4133
5894
1950
5939
1692
6349
7949
1559
2880
3530
1819
355
3110
2218
5924
9124
7749
2616
3944
3137
3977
4409
3298
3673
5462
6430
9893
2702
43
5273
8084
1955
8078
7213
5472
97
4744
3225
1742
9757
4425
3882
9986
9423
6568
3311
3758
4774
7527
9348
6569
6799
7964
7926
607
9130
3777
720
9071
2185
3203
2129
5508
1726
183
8810
6306
566
8216
638
6385
4665
4632
8872
5603
5239
6227
7408
988
8507
3583
440
2475
3101
8849
4728
9655
3200
128
5938
8945
5392
163
6213
4710
4088
7240
8850
5201
8100
1677
3097
1992
6438
6282
4011
9654
4971
2351
7958
941
2422
8830
4641
1068